beercans/1.jpg 3 53 78 47 74 9 92 50 76 215 62 57 112
beercans/1009603314_6a3a4addae.jpg 1 191 20 149 300
beercans/1030492183_b5e0ace7eb.jpg 1 231 23 120 264
beercans/1030987382_401685fa05.jpg 14 10 177 144 186 142 190 82 183 220 192 75 180 278 197 47 163 315 199 38 154 345 203 32 117 142 179 235 141 12 11 130 168 134 5 86 171 195 1 88 187 277 39 40 151 312 59 37 128 350 87 27 116 378 102 31 91
beercans/106584921_15d552ee8f.jpg 3 49 27 127 273 210 44 117 289 343 64 126 264
beercans/1098911842_e43db4e8b7.jpg 6 296 231 100 133 280 146 73 139 427 117 54 89 277 94 49 77 242 95 51 94 68 135 57 98
beercans/110555696_fc99a6b576.jpg 1 67 23 213 442
beercans/1111654859_4ccd350073.jpg 1 95 187 150 284
beercans/115099680_d0291db61f.jpg 12 131 10 34 60 103 10 28 58 62 5 36 58 35 13 21 63 171 19 30 48 202 15 34 59 240 18 28 53 264 16 44 61 307 29 31 46 339 31 35 46 375 27 27 47 406 21 31 56
beercans/1180086975_f16379a3d5.jpg 1 46 53 155 309
beercans/1229406777_aec0d1917c.jpg 1 120 146 105 184
beercans/1230260776_c93f9c3659.jpg 1 111 135 143 189
beercans/1230264840_7eec11a2c4.jpg 1 147 169 90 222
beercans/1234878235.jpg 0
beercans/1250861524_39c36a9b55.jpg 1 92 32 190 413
beercans/1435371702_289699e8b2.jpg 1 67 56 196 380
beercans/1461572992_b786f6f3c1.jpg 1 202 86 100 222
beercans/1511616706_354b200a14.jpg 1 30 89 130 311
beercans/151192412_6347c48106.jpg 1 81 34 213 461
beercans/155294047_41c4492128.jpg 1 122 124 145 268
beercans/1558760105_7a701c7d21.jpg 1 93 7 251 292
beercans/1565522015_c6bb8c84fc.jpg 1 29 7 250 471
beercans/1570307300_65aa8c1627.jpg 1 243 46 196 311
beercans/159676774_09fa2eee49.jpg 3 112 95 188 372 16 87 98 371 296 100 71 374
beercans/165155215_5e47f6ce30.jpg 1 36 49 220 422
beercans/167806746_e10899f531.jpg 1 125 26 131 422
beercans/171211595_9fc4dff9c6.jpg 10 24 11 93 162 119 2 94 169 218 1 98 171 320 1 90 161 412 6 76 175 403 175 80 153 313 169 90 171 211 178 93 151 126 185 85 120 27 177 100 129
beercans/178714133_834a5c0612.jpg 1 66 14 235 458
beercans/1789845749_7780f9e0e3.jpg 1 71 15 181 250
beercans/180053835_3fa2f9b325.jpg 1 114 46 216 323
beercans/183813363_8dd5019c83.jpg 29 91 21 38 99 131 13 49 99 182 21 47 99 320 32 42 95 88 117 48 98 132 105 53 101 186 110 35 87 226 122 38 79 296 112 36 85 336 124 29 66 323 195 42 58 319 255 39 90 265 265 49 90 243 326 62 98 161 345 62 107 84 360 76 112 12 418 78 67 16 345 60 70 177 279 43 71 216 274 45 93 120 282 51 89 63 294 57 76 23 228 46 70 73 223 52 71 124 209 48 77 176 201 44 73 220 197 43 75 3 129 36 107 3 23 36 106
beercans/188415626_56de14ea00.jpg 1 17 146 119 234
beercans/189981952_0234eb0981.jpg 1 193 67 227 258
beercans/1919431_d6e489c32a.jpg 1 66 120 329 74
beercans/195844086_90e2b4a864.jpg 1 166 182 98 155
beercans/1986344314_fe600b8a05.jpg 1 124 21 215 167
beercans/20071102beerCan.jpg 6 57 210 100 135 165 226 106 127 279 110 71 116 475 267 69 118 454 142 83 122 368 28 71 128
beercans/2008-04-19-004.jpg 2 122 14 99 268 17 90 108 199
beercans/2036785678_9ee3d005cf.jpg 18 54 71 44 127 97 64 48 137 144 85 42 112 188 83 43 115 232 82 50 111 282 84 45 110 327 114 34 77 352 84 69 115 421 83 44 107 44 223 50 96 91 229 51 94 144 231 41 89 187 229 53 98 238 235 44 89 281 227 50 98 329 221 50 102 379 225 46 86 421 222 59 98
beercans/2056643032_6e8a44ec4d.jpg 2 264 213 64 143 118 335 82 84
beercans/2057762523_af1ef67068.jpg 4 21 194 76 120 112 135 95 182 228 80 82 222 355 23 112 278
beercans/20636025_1695e0307f.jpg 1 160 197 201 170
beercans/2099089523_031d971970.jpg 1 77 25 181 266
beercans/210537877_3a05527f57.jpg 52 37 51 38 85 75 47 33 85 116 67 37 74 151 72 36 67 187 70 40 71 230 78 29 70 261 86 27 62 295 94 29 62 326 88 37 71 1 57 32 71 19 155 50 83 70 157 47 79 115 153 43 83 163 164 35 74 201 162 39 74 242 172 38 70 281 167 38 74 321 174 33 68 319 263 32 67 283 254 37 73 258 257 29 66 220 255 32 70 180 254 39 72 146 257 35 71 107 254 36 71 73 258 33 72 27 255 41 70 2 257 25 72 15 354 39 85 52 354 42 79 96 345 43 81 139 355 34 66 176 350 37 68 218 353 36 64 256 348 33 60 291 346 32 65 319 345 32 65 318 427 27 61 280 427 34 59 254 431 27 64 218 433 36 64 178 446 38 46 148 447 29 46 96 445 47 49 63 452 40 42 21 455 38 41 330 17 34 52 299 8 30 53 270 2 31 58 235 4 34 47 199 0 30 51 155 3 39 40
beercans/2115264342_d7324a03cd.jpg 1 191 41 128 240
beercans/2124247250_2da5a414f4.jpg 1 146 22 134 198
beercans/2124376924_39ec7c74b2.jpg 4 57 24 183 303 241 27 173 298 414 26 79 301 4 27 52 298
beercans/2132457576_9f5a40a84c.jpg 1 42 16 243 446
beercans/2149472011_314bde7ae5.jpg 1 226 122 103 211
beercans/2160306121_054ac2d681.jpg 0
beercans/2168527904_756961ee89.jpg 1 48 17 284 471
beercans/2169668417_2692af5362.jpg 3 49 31 154 304 198 45 150 309 337 75 137 254
beercans/2170511690_029c1e1b8e.jpg 0
beercans/2196999711_608dd09d35.jpg 67 28 14 27 51 61 19 28 46 92 13 32 50 127 14 32 55 158 14 31 52 195 15 32 51 231 15 33 54 260 12 40 57 300 11 29 58 329 14 34 51 367 12 32 52 400 9 37 51 435 6 36 62 8 79 35 56 46 78 30 59 75 73 26 61 107 77 35 53 145 71 30 63 180 75 36 59 218 73 30 55 250 73 35 59 290 78 31 58 321 77 37 59 359 77 31 51 392 73 34 62 430 74 31 59 462 77 31 55 3 143 34 59 31 139 36 65 72 136 32 61 109 139 37 64 144 137 36 64 182 140 34 66 216 135 38 74 255 137 35 62 296 144 34 54 330 138 34 62 370 132 32 71 403 137 35 60 437 134 33 65 475 137 23 71 3 219 23 63 22 210 32 65 59 217 38 63 100 219 31 63 135 219 33 65 170 218 38 66 209 220 34 69 243 215 30 69 287 215 33 63 330 216 30 70 360 220 30 62 395 217 40 66 437 215 38 62 471 211 26 73 472 302 26 61 430 306 36 61 393 312 42 53 338 306 36 57 295 301 36 64 259 302 33 63 213 303 42 62 176 301 38 64 137 303 36 62 105 302 31 62 67 299 30 68 26 302 37 65
beercans/2197000093_861882e882.jpg 2 66 100 166 213 241 94 174 217
beercans/2197791260_f45d509950_b.jpg 10 40 60 171 287 219 64 178 306 402 70 168 304 573 80 194 291 762 76 199 301 774 429 192 307 577 425 194 302 405 425 179 310 223 413 179 322 45 422 184 303
beercans/2231574043_b39bb2018b.jpg 1 47 7 209 442
beercans/2232895157_ee7e6417c5.jpg 1 99 57 136 373
beercans/2240891555_fd890c986d.jpg 13 281 175 92 119 368 177 110 93 211 262 109 46 351 128 95 66 301 110 84 66 120 77 83 95 171 63 81 69 171 142 106 68 47 14 66 71 24 62 96 103 17 118 81 86 90 172 98 76 90 2 86 77
beercans/2246356553_7b75d709ba.jpg 1 26 9 265 458
beercans/2255852146_a45d458106.jpg 1 65 77 190 369
beercans/2260850593_34cd6d9fd2.jpg 1 37 23 243 459
beercans/2272616388_7ddf3a1d68.jpg 1 19 14 194 473
beercans/2273926966_a09feacb70.jpg 4 77 43 90 66 203 88 127 69 208 202 138 74 97 351 186 125
beercans/2274363831_0c767c1e57.jpg 1 113 66 152 240
beercans/2277829227_714b9b07c7.jpg 1 55 97 194 348
beercans/2278009777_8a6ab0d7b4.jpg 1 6 16 259 478
beercans/2278186627_b28d8f2fe7.jpg 1 28 150 175 214
beercans/2293721180_40175828a1.jpg 1 158 74 134 265
beercans/2311033365_5f14c5f589.jpg 1 50 92 180 330
beercans/2311842786_9070966a4f.jpg 1 66 85 180 341
beercans/2315681802_9231cc7819.jpg 1 59 67 191 370
beercans/2338717873_6fc4605c6d.jpg 3 26 30 164 327 186 9 201 355 364 22 126 315
beercans/2339813342_1978bc138b.jpg 1 90 31 183 394
beercans/2346178736_682045d761.jpg 1 10 63 406 381
beercans/2360736448_951acdeb57.jpg 1 112 126 176 296
beercans/2378084359_74bcbf53b8.jpg 2 11 123 120 225 131 153 112 212
beercans/2382236221_a03f3ea24f.jpg 1 127 6 164 352
beercans/2405406073_8e226cf4db.jpg 7 236 174 55 142 323 183 53 132 387 151 56 164 187 159 41 118 148 144 45 122 68 100 42 124 25 77 47 111
beercans/2410186093_b0cbb60ee2.jpg 3 76 70 59 252 141 59 83 283 226 36 124 299
beercans/241179256_daaad50071.jpg 4 1 4 167 359 164 3 105 338 280 26 76 286 366 49 60 235
beercans/2428423921_eacf7f8e67.jpg 22 43 5 70 145 110 7 67 155 175 8 71 143 248 6 69 150 316 0 65 165 380 5 66 155 444 1 44 152 1 4 37 145 12 160 70 164 86 158 61 174 144 155 84 179 220 147 66 183 287 164 76 159 360 156 69 169 432 159 56 172 393 331 74 163 320 324 75 170 252 330 70 156 183 328 72 158 113 343 72 147 43 328 75 165 2 328 37 164
beercans/2438420641_97fd3dd4bd.jpg 9 49 8 126 182 173 6 107 194 279 5 119 193 406 3 87 203 399 205 96 165 286 194 111 172 178 203 108 160 73 199 108 161 2 201 60 164
beercans/2440996053_dc93474078.jpg 1 194 52 128 233
beercans/2444934926_cf196b46cf.jpg 19 77 20 70 146 143 19 57 134 196 7 52 125 249 20 32 108 281 16 30 90 310 14 28 92 339 35 25 71 366 37 25 60 388 26 23 66 3 25 40 192 45 243 138 120 155 203 92 153 218 170 76 160 282 145 56 144 301 137 59 124 341 129 39 101 368 126 35 93 383 114 41 87 407 102 33 76
beercans/2459799403_3d0892a36c.jpg 1 56 83 202 292
beercans/2478286755_207540b0dc.jpg 1 25 8 215 472
beercans/2479096798_b95a5f8b91.jpg 1 22 4 207 466
beercans/2502483343_8d524e2032.jpg 1 125 57 140 116
beercans/2504548074_415f93075c.jpg 4 44 91 118 216 170 57 91 165 259 58 90 185 395 70 81 169
beercans/250658088_5eb77ab4e0.jpg 3 171 52 92 220 256 48 79 196 342 59 78 214
beercans/2507400304_4214f813bf.jpg 1 184 137 135 316
beercans/2534706918_690ef6a11a.jpg 7 60 101 87 131 64 206 84 152 145 211 87 129 171 49 97 188 272 89 82 144 269 218 89 110 249 276 42 72
beercans/2539211375_191a7b391d.jpg 1 80 33 181 420
beercans/254079708_836cb901bf.jpg 1 139 130 135 292
beercans/2578159681_9ec3cea046.jpg 42 28 6 52 77 81 5 46 88 129 13 47 86 176 9 42 85 223 7 55 103 276 6 37 75 317 2 54 92 367 4 49 87 418 6 34 78 457 1 40 91 453 97 43 89 408 101 50 84 364 95 50 94 321 101 47 85 258 104 49 87 210 103 51 80 166 99 49 89 116 109 48 71 71 98 45 86 21 102 46 78 2 196 33 86 46 187 33 87 88 196 42 78 130 198 52 82 179 198 41 76 225 201 49 84 275 198 49 81 319 194 42 94 364 206 47 78 412 204 45 72 458 196 38 83 457 308 37 60 404 287 59 82 358 295 50 73 323 295 38 70 269 299 46 68 225 298 46 68 176 295 49 68 133 296 44 66 85 298 52 67 43 297 50 67 2 298 38 60
beercans/2605368886_b1abd6aa35.jpg 1 18 10 247 469
beercans/2605995328_edf020341c.jpg 1 39 14 252 448
beercans/2611416309_10228cd927.jpg 1 151 144 190 339
beercans/2615466915_053ebfa623.jpg 2 120 20 97 147 121 160 101 155
beercans/2629695438_cfffe2c07b.jpg 1 46 55 205 398
beercans/2644682212_64192298a8.jpg 1 99 5 177 419
beercans/264483096_c64d3a283f.jpg 1 45 83 263 367
beercans/2651993852_64a3d51122.jpg 1 252 26 207 416
beercans/2653567287_3b079e52dc.jpg 1 8 159 77 149
beercans/27702219_8696031eb1.jpg 0
beercans/290954180_de2207f7e4.jpg 2 153 109 188 253 311 118 176 240
beercans/29118256_e838102773.jpg 1 83 83 176 331
beercans/296865141_22046b1294.jpg 1 40 103 150 327
beercans/2a.jpg 1 91 8 166 101
beercans/31498347_3f58d0e8bc.jpg 3 8 50 176 287 399 36 94 161 255 24 133 146
beercans/319778757_b77c1c1c23.jpg 4 166 78 121 165 275 61 90 201 2 127 156 210 221 268 143 216
beercans/325408004_b07dee5300.jpg 1 195 69 132 247
beercans/336958770_7ae82de444.jpg 1 125 23 175 252
beercans/345658292_c4a558dac5.jpg 1 279 7 136 338
beercans/347852742_13354fe0f6.jpg 1 169 63 150 187
beercans/35989647_fdc561ed89.jpg 11 13 123 33 56 37 106 39 65 66 109 31 42 97 94 24 47 120 90 24 39 137 73 30 63 135 139 30 51 133 191 36 46 24 187 29 57 16 253 46 55 130 412 35 38
beercans/36464730_92d81a87b0.jpg 1 67 63 198 203
beercans/371016981_c1daf18d97.jpg 1 71 9 156 339
beercans/387565620_aa344f1709.jpg 1 13 57 207 327
beercans/392782379_b3400f15a1.jpg 1 144 19 164 276
beercans/392782380_474d168322.jpg 1 170 36 127 216
beercans/392782383_f6336253e9.jpg 1 117 9 164 305
beercans/393589481_b35ebc379b.jpg 1 53 8 249 460
beercans/399628122_780fa5308d.jpg 20 286 107 29 61 242 106 40 78 213 111 32 61 195 119 25 53 190 62 30 51 169 76 20 40 135 65 24 56 174 121 22 52 152 132 20 46 216 189 23 55 246 188 22 54 272 177 24 56 271 243 25 73 242 252 28 60 216 255 25 51 195 252 20 49 151 248 18 53 178 184 18 56 130 189 21 50 270 326 28 61
beercans/401761451_884aee1c2b.jpg 1 24 31 252 424
beercans/403265787_fd7d009c9e.jpg 1 21 8 254 428
beercans/411546522_ce6ac78393.jpg 1 198 11 96 286
beercans/415566373_a5a0aa9064.jpg 1 123 21 219 335
beercans/424568636_76be9259ca.jpg 6 74 100 33 74 105 100 34 77 90 180 37 60 52 159 33 65 28 220 36 62 60 230 36 75
beercans/425252974_ccaa9a8e5e.jpg 1 18 4 231 406
beercans/437654879_3378078bdf.jpg 1 158 93 189 198
beercans/444359433_f78919ac8a.jpg 0
beercans/500136566_e8bd110b5b.jpg 1 127 120 225 342
beercans/503785272_f3d839a017.jpg 1 144 128 78 151
beercans/506096106_25be3ee172.jpg 1 161 183 65 180
beercans/506334759_2d71a4a52b.jpg 1 59 88 264 341
beercans/52717804_26ab5cb95c.jpg 2 117 38 106 261 222 46 92 256
beercans/542422722_f1a62c81c2.jpg 4 30 40 100 286 127 18 164 359 291 32 110 306 393 54 73 252
beercans/54_2.JPG 2 87 55 74 130 16 4 68 177
beercans/56508525_9ad1a0f42c.jpg 2 300 53 74 186 363 52 90 208
beercans/62141492_1dde5bb9ff.jpg 1 88 29 294 298
beercans/65472421_9bb0122339.jpg 4 272 35 107 208 166 59 108 172 38 55 125 192 374 110 108 165
beercans/697781290_3d3ec7937d.jpg 2 230 100 103 191 32 59 112 250
beercans/71058339_b8797a237f.jpg 0
beercans/75871646_c06f5a3443.jpg 1 96 149 161 200
beercans/76763439_52567da71a.jpg 6 188 95 90 181 286 103 93 171 384 106 81 179 386 234 61 96 97 226 90 117 12 217 78 120
beercans/780994482_9879371efe.jpg 0
beercans/791963459_536ab6171d.jpg 52 13 47 52 76 51 50 29 55 78 41 43 82 120 57 31 64 160 46 35 71 194 46 43 80 239 44 31 70 273 47 35 74 314 41 33 72 351 51 34 62 385 48 31 66 413 41 36 82 449 49 35 73 452 119 32 69 416 121 33 64 377 113 33 67 344 116 37 62 310 117 37 65 276 115 31 64 232 118 39 66 188 123 42 56 151 113 42 58 121 118 37 57 91 121 39 63 57 118 35 64 16 121 38 59 24 182 37 60 54 178 41 66 96 177 35 73 122 173 40 67 164 181 37 68 201 178 30 69 233 180 35 63 271 180 33 60 307 181 31 64 343 174 28 69 376 181 29 57 407 185 38 53 442 183 36 60 443 239 30 55 404 240 38 59 366 236 38 62 338 237 31 59 298 241 40 58 270 241 33 59 233 241 38 57 199 242 37 59 164 243 36 54 132 239 33 57 99 241 35 56 64 240 36 55 21 235 41 55
beercans/80299714_789b9f6460.jpg 8 13 16 60 208 70 18 74 172 137 16 85 169 218 18 104 137 309 14 107 110 427 105 56 214 314 141 120 182 211 169 94 149
beercans/831481106_a17df59eb4.jpg 1 58 4 244 487
beercans/856204076_5a98ccf66b.jpg 1 101 75 171 358
beercans/856204294_699f876e56.jpg 1 92 65 193 373
beercans/856204548_fd69b196d0.jpg 1 101 36 201 375
beercans/8613195_0aa5b544dc.jpg 0
beercans/868375888_cb136e4351.jpg 1 93 75 200 364
beercans/892876141_4677d3b8af.jpg 1 182 13 120 294
beercans/89864379_d7cae025a4.jpg 16 21 4 53 123 74 4 59 123 121 4 62 129 184 19 50 112 237 6 69 115 310 3 54 118 368 5 67 107 431 5 58 109 449 196 44 173 380 194 71 171 318 196 64 161 263 205 61 155 197 202 67 155 138 205 71 161 84 211 66 159 27 202 59 155
beercans/2653568133_e6d75074b0.jpg 6 1 54 96 232 87 121 98 170 179 118 88 177 262 112 94 175 347 96 86 182 428 96 66 172
beercans/2654389550_0e8f54827a.jpg 6 1 105 95 217 91 150 89 179 168 95 96 222 257 144 92 179 341 146 80 164 417 144 72 159
beercans/2663286792_ea6ccf0cb0.jpg 1 143 300 72 119
beercans/2668820076_ce4a0c75ae.jpg 1 72 8 221 430
beercans/2669783123_9e26e1a39a.jpg 1 173 14 187 348
beercans/2671136877_498f25c995.jpg 1 143 147 240 326
beercans/2672305836_55f171914d.jpg 0
beercans/2680113636_48e407b226.jpg 2 60 8 227 316 119 305 238 165
beercans/2700738368_440980364e.jpg 1 71 54 231 443
beercans/2703110432_44ed8c8edb.jpg 6 224 9 67 117 191 121 63 124 248 120 74 126 152 235 71 132 220 234 68 136 284 236 66 130
beercans/2706205461_7f90e0bfd4.jpg 1 172 8 142 353
beercans/2728163867_f97f432fa8.jpg 4 87 104 74 204 161 65 23 243 184 65 61 132 183 187 48 104
beercans/2728211173_e8f50cc90d.jpg 1 57 100 104 159
beercans/2729970042_7211212c23.jpg 1 75 1 136 288
beercans/2733783659_f5ce7b20ce.jpg 1 118 138 154 301
beercans/2734615128_2d4f99222e.jpg 1 82 180 148 269
beercans/2737033431_aab501b898.jpg 1 80 59 341 274
beercans/2748462526_7577b6f5e7.jpg 1 158 4 188 366
beercans/2760867046_1d5f9dd62a.jpg 1 91 6 185 483
beercans/2794185351_00306f10c5.jpg 1 152 31 188 246
beercans/2795053037_60a8433d09.jpg 1 91 0 193 247
beercans/2795148719_3764d6ec1f.jpg 1 92 150 121 278
beercans/2812927186_77ddc3af93.jpg 1 177 18 182 351
beercans/2824545781_d37d3547a4.jpg 1 148 45 102 201
beercans/2824732444_dc635c4a72.jpg 1 76 99 166 318
beercans/2825495252_ec0173ae8f.jpg 1 88 135 162 295
beercans/2825566772_f2eac9fa33.jpg 1 112 29 147 308
beercans/2825591010_4d30fde67f.jpg 1 130 76 60 116
beercans/2825623806_3a243b5acb.jpg 1 20 54 277 429
beercans/2871159210_0c035b76c2.jpg 1 82 119 281 326
beercans/2911329608_ffd6017557.jpg 2 276 144 39 81 95 134 45 80
beercans/2966937577_f99630681a.jpg 3 17 60 156 262 167 55 145 264 322 50 152 269
beercans/2967783158_c64a3f1681.jpg 3 13 27 152 269 171 27 136 264 322 26 140 262
beercans/2967784952_f6d3a4e1b8.jpg 3 23 105 136 263 172 37 144 325 336 110 125 250
beercans/2990190470_1f91e819bb.jpg 1 152 121 165 311
beercans/2990972131_1764c26da1.jpg 1 188 33 148 278
beercans/2991222161_1bedc52f42.jpg 1 127 129 222 131
beercans/3050161606_f13c4aa40e.jpg 1 150 10 185 324
beercans/3075306679_c0a066beab.jpg 16 60 33 41 82 127 77 52 104 210 192 26 100 87 188 51 100 121 274 54 144 220 294 57 119 291 236 22 70 256 220 27 82 46 190 38 88 33 273 55 124 177 134 40 57 173 199 59 95 101 117 44 64 173 80 33 53 60 118 40 71 12 193 32 85
beercans/3081744203_2e42a036c2.jpg 1 87 87 158 317
beercans/3140446369_6b9d91f275.jpg 1 102 130 138 239
beercans/3149933029_246f843cb1.jpg 58 4 67 31 55 36 64 31 61 72 67 25 49 102 62 27 56 129 56 36 59 162 61 37 54 197 55 29 54 230 60 26 50 257 50 37 58 293 54 32 50 323 47 31 54 354 48 31 60 395 47 21 59 418 52 33 51 451 43 36 51 18 121 29 63 50 126 25 56 77 125 32 50 114 122 29 49 137 123 35 46 181 122 17 39 206 114 29 48 239 119 30 43 271 111 27 51 305 110 32 57 337 109 31 59 373 106 34 58 406 106 33 60 444 109 32 44 2 192 30 51 32 184 28 55 61 191 35 47 96 187 30 54 124 189 24 49 151 181 27 60 185 184 30 49 221 182 28 50 257 169 25 65 288 168 31 65 319 178 25 48 350 184 29 46 380 177 36 48 420 169 23 54 452 169 29 53 18 257 26 53 51 252 21 49 81 255 23 48 107 252 37 60 143 246 31 65 177 251 33 58 212 247 24 60 244 254 32 46 277 249 32 54 313 247 30 52 346 245 32 50 384 252 31 48 423 237 26 68 448 236 37 60
beercans/3153766380_482fee870a.jpg 1 260 164 41 82
beercans/3223100510_bef9f2837c.jpg 1 150 213 148 278
beercans/3226901788_e064476f7d.jpg 2 224 127 123 307 36 133 160 310
beercans/3227303400_c20143f15e.jpg 45 31 12 53 80 82 10 40 89 134 11 38 83 173 8 40 81 222 7 40 75 270 6 31 79 319 5 31 77 366 8 35 68 410 11 35 75 455 10 19 75 5 102 46 82 53 105 42 74 113 102 31 77 152 102 42 87 197 107 31 74 232 101 38 79 280 102 31 85 317 96 28 90 357 102 41 81 402 106 32 81 442 107 35 73 1 197 29 71 33 202 40 70 74 196 42 79 122 201 32 72 161 203 51 73 213 197 28 76 252 202 33 66 290 194 37 95 328 198 40 77 368 193 38 93 409 196 36 80 445 184 39 92 5 285 39 81 47 287 30 77 84 294 43 67 124 288 35 76 167 292 29 72 205 286 31 76 237 287 48 77 291 288 35 81 331 289 36 85 373 288 32 71 413 288 30 77 448 283 36 77
beercans/3237352808_f227a76a7d.jpg 1 251 38 153 272
beercans/3274626283_1f6423a47a.jpg 2 219 80 146 385 49 156 148 311
beercans/3293793405_c51029da6e.jpg 2 85 45 268 417 85 45 268 417
beercans/3294486900_330bbbaf31.jpg 1 299 98 134 214
beercans/3295951347_bdf05337d1.jpg 14 123 35 62 120 181 33 63 128 245 43 59 112 302 41 55 112 357 47 62 102 126 158 49 65 186 166 43 63 260 156 50 76 318 154 46 64 369 167 54 52 148 224 39 46 234 206 39 56 286 217 52 48 398 219 43 41
beercans/3307689531_e3e33e00d4.jpg 1 66 35 290 289
beercans/3314555303_433bf716dc.jpg 1 17 7 260 472
beercans/3317187238_286171d234.jpg 1 18 69 228 201
beercans/3318886201_7fecd1529f.jpg 1 24 4 259 495
beercans/3338480812_acaeb1bb63.jpg 3 75 60 151 270 219 56 124 269 336 51 129 254
beercans/3371097986_ee64833955.jpg 1 184 7 123 319
beercans/3395873026_0a2d47ac6a.jpg 1 113 97 139 267
beercans/3411466390_4b5aa1aecb.jpg 1 90 17 193 369
beercans/3424862779_db43003a8d.jpg 1 60 15 231 456
beercans/3424865589_42d9e92516.jpg 1 62 9 251 483
beercans/3424867029_654ebea586.jpg 1 66 16 230 467
beercans/3424870039_ce635837ac.jpg 1 71 16 242 468
beercans/3424873873_88de221981.jpg 1 1 80 371 414
beercans/3425672896_c930428a53.jpg 1 68 18 238 478
beercans/3428267980_ddcd0220bb.jpg 1 242 1 244 366
beercans/3434632018_64e593890e.jpg 17 162 86 153 147 18 25 34 60 52 19 19 68 69 23 36 60 102 5 29 84 133 4 25 88 157 9 43 77 194 26 36 72 229 26 20 62 249 28 18 62 273 29 12 48 303 27 138 159 12 113 33 74 41 127 40 58 77 119 30 57 103 110 27 69 91 215 20 107
beercans/3451824095_b6d765d8b7.jpg 6 17 52 74 133 92 40 78 144 176 37 68 141 260 50 60 132 333 36 81 157 408 43 86 150
beercans/BUSCH+1999+-+USA+139.JPG 1 103 7 161 271
beercans/BeerCanBillyBeer.jpg 1 130 158 187 355
beercans/BeerCanTable2.jpg 14 118 246 33 67 153 235 33 76 183 229 29 56 208 215 34 61 242 215 31 61 269 205 26 63 302 203 24 51 114 305 42 35 162 302 22 31 193 286 16 35 219 279 16 44 247 280 17 38 274 267 18 36 298 261 21 35
beercans/Beer_20Can016_1_.jpg 4 281 138 103 210 482 155 133 265 214 78 85 150 103 102 92 146
beercans/Beer_Can__s_Magical_Journey_by_hughissuper.jpg 1 60 65 169 102
beercans/Beer_can.jpg 2 216 85 176 377 90 24 176 324
beercans/BudManfolkart3.jpg 1 65 80 104 183
beercans/CT-15332.jpg 1 29 24 278 590
beercans/CT-18830.jpg 1 17 106 299 550
beercans/Cerveza_xxlager_lata.jpg 1 1088 556 293 284
beercans/Coleccion+28.psd.jpg 10 10 8 55 117 70 11 57 128 143 12 62 131 202 31 69 112 4 128 64 158 71 142 58 154 134 140 67 157 200 154 65 139 253 144 72 156 327 134 61 157
beercans/DSC03117.JPG 1 119 45 157 225
beercans/FINEST+BEER.jpg 2 1 13 133 226 138 23 119 232
beercans/Hebrew.jpg 1 86 42 334 595
beercans/IMG_4021.JPG 1 63 60 129 283
beercans/KirinBeerCan.jpg 1 13 14 232 432
beercans/Lata+cerveza-detalle.jpg 1 50 63 295 237
beercans/Latas+disponibles+005.jpg 1 64 47 107 214
beercans/OI-743.jpg 1 20 28 290 565
beercans/Purk_ALeCoqDoubleBock033_01.jpg 1 54 42 178 344
beercans/SL273103.JPG 1 73 53 138 249
beercans/TheTwiinsRack.jpg 1 119 185 70 133
beercans/beer-300x225.jpg 1 91 102 122 51
beercans/beer-can-front-offlead.jpg 3 103 20 77 82 89 94 97 62 7 100 93 55
beercans/beer-can-handle.jpg 1 24 5 77 169
beercans/beer-can-show.thumbnail.JPG 1 166 101 360 701
beercans/beer1.jpg 2 249 151 256 476 543 193 345 290
beercans/beer_can_art_42.jpg 1 88 42 242 183
beercans/beer_can_chickn_7.jpg 1 128 7 172 249
beercans/beercan.jpg 1 60 52 95 165
beercans/beercanchicken.jpg 1 12 31 177 352
beercans/beercans.jpg 6 164 106 41 112 217 109 50 102 284 101 46 104 299 224 48 121 235 227 48 119 180 226 44 103
beercans/blackhorsebottlemar25-091.JPG 1 2 17 254 572
beercans/canco.29.jpg 1 6 6 343 702
beercans/clipperbeer01.jpg 1 3 5 144 290
beercans/colt.JPG 1 33 3 89 227
beercans/conetop.JPG 1 17 37 291 256
beercans/coorsinnovation.jpg 1 201 103 81 51
beercans/dk_twocansbefore.jpg 2 74 82 107 215 206 29 96 269
beercans/dscn1073.jpg 1 165 129 372 711
beercans/enema_chicken_003.jpg 1 184 68 111 159
beercans/generic-beer.jpg 1 20 12 317 623
beercans/gretz_beer-saab-93-can-3.jpg 1 116 34 610 526
beercans/half+can.jpg 2 69 41 86 132 173 68 90 144
beercans/heineck.jpg 3 164 87 268 729 439 85 269 730 718 13 413 818
beercans/il_430xN.62215498.jpg 1 49 1 305 537
beercans/il_430xN.62229173.jpg 1 93 43 275 522
beercans/il_430xN.62237407.jpg 1 65 27 264 494
beercans/lata.jpg 1 29 31 278 356
beercans/lata1.jpg 1 60 50 101 248
beercans/latas-de-cerveza-en-museo-east-staunton.jpg 5 23 101 99 213 123 106 81 185 224 105 67 174 300 99 71 161 379 81 66 186
beercans/laya.jpg 1 13 15 83 175
beercans/lcbeer1.jpg 1 53 22 147 293
beercans/litter-beer-can-and-leaves.jpg 1 47 31 225 169
beercans/macminiblog1.jpg 1 108 159 112 209
beercans/rheingoldcan.jpg 1 9 5 106 214
beercans/schaeferbeer.jpg 1 69 57 248 489
beercans/sideImageBeerCan.png 1 11 7 119 267
beercans/0000.jpg 1 98 14 282 492
beercans/0001.jpg 1 203 8 339 598
beercans/0002.jpg 36 96 127 80 152 90 265 78 145 81 398 91 148 82 533 85 151 170 115 87 159 171 258 87 149 163 390 93 158 161 536 100 149 257 122 85 159 253 261 92 146 253 397 92 150 251 536 92 146 345 117 86 152 347 258 82 148 336 390 89 152 337 534 91 151 429 131 88 143 428 258 84 150 415 389 95 157 419 534 90 148 512 103 85 164 512 255 83 151 508 388 90 158 508 531 91 154 588 100 85 165 593 252 88 147 592 387 94 158 593 531 96 154 677 116 88 148 680 254 90 145 683 388 92 156 683 529 97 153 767 113 89 148 773 246 89 151 773 384 96 156 773 529 94 153
beercans/0003.jpg 70 2 35 42 71 2 99 42 70 2 163 43 71 3 227 43 69 4 290 45 69 34 33 45 74 38 99 40 73 36 167 44 68 39 226 43 71 38 291 44 68 70 26 43 78 72 95 42 76 72 160 42 74 72 225 44 70 74 288 42 71 107 24 41 80 109 91 39 71 108 155 42 79 110 222 40 74 110 284 41 75 141 27 41 75 140 91 43 74 143 152 43 81 142 219 44 78 142 287 47 71 177 29 39 74 177 98 41 66 178 159 43 74 174 219 50 77 176 287 44 68 210 25 43 78 206 91 49 72 213 153 43 75 213 218 44 77 213 285 45 71 246 21 42 78 245 83 49 84 249 153 41 77 247 219 48 76 250 283 40 70 285 24 41 76 285 82 42 84 286 153 42 72 282 215 45 77 280 281 48 73 319 27 43 73 321 86 41 78 318 150 40 76 315 213 47 77 319 283 43 71 357 24 36 77 354 91 42 77 350 153 44 75 349 214 48 79 352 279 45 72 386 24 45 80 386 90 41 79 384 154 45 69 386 213 44 72 384 274 43 77 420 23 42 76 417 88 44 77 420 151 38 72 414 215 46 74 418 275 44 70 454 23 40 72 450 88 44 75 451 150 41 72 450 213 44 74 450 273 41 69
beercans/0004.jpg 3 36 48 246 387 266 43 226 405 498 35 234 418
